0.025 629.8886749865151
0.025241911790815655 629.2450700541598
0.02548616443421274 628.5952812156248
0.025732780581384843 627.9392506386928
0.025981783102709207 627.2769200119553
0.026233195089867625 626.6082305431798
0.026487039857987876 625.9331229577654
0.026743340947805935 625.2515374972941
0.027002122127849033 624.5634139181791
0.02726340739663987 623.8686914904187
0.027527220984922187 623.1673089964565
0.027793587357907826 622.4592047301572
0.028062531217545535 621.744316495899
0.028334077504811803 621.0225816077904
0.028608251402023742 620.293936889016
0.02888507833517447 619.5583186713175
0.02916458397629097 618.815662794615
0.0294467942458149 618.0659046067751
0.029731735315006308 617.3089789635324
0.030019433608370713 616.544820228567
0.030309915806109616 615.7733622737542
0.03060320884659473 614.9945384795792
0.030899339928866138 614.2082817357367
0.031198336515154683 613.4145244419153
0.031500226333428714 612.6131985087751
0.031805037379965435 611.8042353591285
0.03211279792194729 610.9875659293301
0.032423536500083276 610.1631206708831
0.032737281931255746 609.3308295522737
0.03305406331119283 608.4906220610371
0.03337391001716662 607.6424272060693
0.033696851710717554 606.7861735201898
0.03402291834040512 605.9217890629654
0.03435214014458521 605.0492014238064
0.03468454765421429 604.1683377253416
0.035020171695680766 603.2791246270858
0.035359043393663726 602.3814883294075
0.03570119417401931 601.4753545778088
0.036046655766695086 600.5606486675274
0.03639546020867255 599.6372954484715
0.03674763984693816 598.7052193305019
0.03710322734148301 597.7643442890688
0.037462255668331765 596.8145938712182
0.03782475812260056 595.8558912019793
0.03819076832158485 594.8881589911449
0.038560320207876864 593.9113195404594
0.03893344805251338 592.925294751225
0.039310186458153845 591.9300061323416
0.03969057036228942 590.9253748087943
0.04007463504048287 589.9113215305999
0.04046241610963995 588.8877666822302
0.0408539495313124 587.8546302925248
0.04124927161503289 586.8118320451091
0.041648419021682245 585.7592912893311
0.04205142876688928 584.6969270517361
0.042458338224463495 583.6246580480916
0.04286918512986096 582.54240269598
0.04328400758368386 581.4500791279769
0.043702844055213755 580.3476052054291
0.044125733385979124 579.2348985328528
0.04455271479335737 578.1118764729644
0.04498382787421179 576.9784561623671
0.04541911260856354 575.8345545279086
0.04585860936329936 574.6800883037262
0.046302358895915004 573.5149740490021
0.046750402358295015 572.339128166444
0.04720278130052891 571.1524669215108
0.04765953767476455 569.954906462405
0.04812071383909849 568.7463628408464
0.048586352561504245 567.5267520336535
0.04905649702379841 566.2959899651437
0.04953119082564521 565.0539925303817
0.05001047798859977 563.8006756192893
0.05049440296019054 562.535955141639
0.05098301061804122 561.259747052955
0.05147634627403257 559.9719673813355
0.051974455678504485 558.6725322552248
0.05247738502449872 557.3613579321495
0.052985180952042694 556.0383608284427
0.05349789055247471 554.7034575499769
0.05401556137281107 553.356564923926
0.05453824142015545 551.997600031576
0.05506597916615091 550.6264802422069
0.05559882355147495 549.2431232480668
0.05613682399037819 547.8474471004537
0.05668003037526682 546.4393702469332
0.05722849308132949 545.0188115697057
0.05778226297120891 543.585690425144
0.05834139139971876 542.1399266845249
0.05890593021860608 540.6814407759675
0.05947593178135989 539.210153727602
0.06005144894806622 537.7259872119857
0.0606325350903103 536.2288635917816
0.0612192440961259 534.7187059667214
0.061811630374992876 533.1954382218653
0.06240974886288286 531.6589850771766
0.06301365502735388 530.1092721384257
0.06362340487269418 528.5462259494391
0.0642390549451159 526.9697740457032
0.06486066233799903 525.3798450093401
0.06548828469718601 523.7763685254649
0.06612198022632768 522.159275439933
0.06676180769228081 520.5284978184898
0.06740782643055802 518.8839690073297
0.06806009635083032 517.2256236950702
0.06871867794248293 515.5533979761467
0.06938363228022494 513.8672294156328
0.0700550210297531 512.1670571154871
0.07073290645347054 510.4528217822269
0.07141735141626075 508.7244657960287
0.0721084193913175 506.98193328125024
0.0728061744660311 505.225170178371
0.07351068134793169 503.4541243173416
0.07422200537068997 501.66874549233535
0.07494021250017607 499.8689855378866
0.07566536934057702 498.05479840640567
0.0763975431405733 496.2261402470492
0.07713680179957541 494.38296948593097
0.0778832138740205 492.52524690764716
0.07863684858373021 490.6529357380946
0.0793977758183298 488.76600172854955
0.0801660661437295 486.86441324098223
0.08094179080866853 484.948141334566
0.08172502175132257 483.01715985334977
0.08251583160597502 481.07144551504774
0.0833142937097528 479.1109780009053
0.08412048210942749 477.13574004659273
0.08493447156828222 475.14571753407176
0.08575633757304481 473.1408995843842
0.08658615634088829 471.1212786512989
0.08742400482649904 469.08685061575494
0.08826996072921323 467.037614881034
0.08912410250022249 464.9735744685885
0.08998650934984917 462.8947361144494
0.09085726125489203 460.8011103661347
0.0917364389660431 458.69271167996965
0.09262412401537619 456.56955851873323
0.09352039872390781 454.43167344953366
0.0944253462092316 452.2790832418139
0.09533905039322615 450.11181896538545
0.09626159600983772 447.9299160883802
0.09719306861293824 445.73341457500726
0.09813355458425921 443.52235898299705
0.0990831411414026 441.2967985606099
0.10004191634592886 439.0567873430826
0.10100996911152381 436.80238424837637
0.10198738921224393 434.5336531720957
0.10297426729084182 432.25066308143005
0.10397069486717211 429.95348810797594
0.10497676434667876 427.6422076392874
0.10599256902896427 425.31690640899814
0.10701820311644221 422.9776745853579
0.10805376172307311 420.62460785801716
0.10909934088318497 418.25780752289376
0.11015503756037932 415.87738056494794
0.11122094965652322 413.4834397386912
0.11229717602082832 411.07610364625066
0.11338381645901789 408.6554968128034
0.1144809717425825 406.2217497591995
0.11558874361812507 403.7749990715819
0.11670723481679675 401.315387467815
0.11783654906382375 398.8430638605267
0.11897679108812641 396.35818341657136
0.12012806663203154 393.860907612716
0.12129048246107865 391.35140428735264
0.12246414637392082 388.82984768803817
0.12364916721232183 386.29641851466477
0.12484565487124971 383.75130395806053
0.12605372030906803 381.19469773382434
0.12727347555782573 378.62680011119664
0.12850503373364675 376.0478179367726
0.12974850904722007 373.4579646528621
0.13100401681439106 370.85746031031016
0.1322716734668556 368.24653157558566
0.13355159656295762 365.62541173195854
0.134843904798591 362.99434067458367
0.13614871801820713 360.3535648993188
0.13746615722592875 357.7033374851075
0.1387963445967716 355.0439180697622
0.14013940348797443 352.37557281899484
0.141495458450439 349.6985743885435
0.14286463524028012 347.01320187925717
0.14424706083048816 344.31974078500383
0.14564286342270413 341.61848293328194
0.14705217245910837 338.9097264184218
0.14847511863442497 336.1937755272739
0.14991183390804183 333.47094065729453
0.15136245151624794 330.74153822695104
0.15282710598458968 328.00589057837516
0.15430593314034594 325.26432587221825
0.15579907012512442 322.51717797466137
0.1573066554075797 319.7647863365597
0.15882882879625448 317.00749586470687
0.16036573145254468 314.2456567852246
0.16191750590379056 311.479624499097
0.16348429605649417 308.7097594298847
0.16506624720966473 305.93642686367207
0.1666635060682931 303.15999678131345
0.16827622075695697 300.3808436830685
0.16990454083355724 297.5993464057258
0.17154861730318752 294.8158879323377
0.17320860263213805 292.0308551947043
0.1748846507620348 289.24463886876333
0.17657691712411536 286.4576331630593
0.17828555865364343 283.67023560048403
0.18001073380446236 280.88284679349977
0.18175260256368947 278.0958702130712
0.18351132646655297 275.3097119515519
0.18528706861137223 272.5247804797872
0.18707999367468262 269.741486398715
0.18889026792650757 266.9602421857566
0.19071805924577762 264.18146193631424
0.19256353713589888 261.40556110069974
0.19442687274047257 258.63295621683864
0.196308238859166 255.86406463910666
0.19820780996373752 253.09930426367143
0.2001257622142166 250.33909325071954
0.2020622734752402 247.58384974397
0.2040175233325473 244.83399158787847
0.20599169310963333 242.08993604295128
0.20798496588456533 239.35209949959636
0.2099975265069601 236.6208971909476
0.21202956161512634 233.8967429051046
0.2140812596533733 231.18004869723669
0.21615281088948607 228.4712246020069
0.21824440743237059 225.77067834677234
0.22035624324986922 223.0788150660211
0.2224885141867487 220.3960370175091
0.2246414179828619 217.7227433005568
0.226815154291486 215.0593295769666
0.22900992469783735 212.40618779501972
0.23122593273776582 209.763705917005
0.23346338391663032 207.1322676507288
0.23572248572835655 204.51225218544866
0.23800344767467912 201.90403393266428
0.24030648128457038 199.3079822721911
0.2426318001338568 196.72446130393132
0.24497961986502506 194.1538296057459
0.24735015820722053 191.59643999781693
0.24974363499643834 189.05263931387793
0.25216027219591025 186.52276817967268
0.25460029391668937 184.0071607989869
0.2570639264384325 181.50614474758382
0.2595513982303855 179.02004077534846
0.2620629399725703 176.54916261693631
0.26459878457717745 174.0938168111947
0.26715916721016586 171.6543025296067
0.2697443253130712 169.23091141398888
0.27235449862502503 166.82392742364723
0.2749899292049882 164.43362669217777
0.27765086145419815 162.0602773940719
0.2803375421388339 159.70413962126617
0.28305022041290046 157.3654652697503
0.2857891478413346 155.04449793632435
0.28855457842333365 152.74147282557269
0.29134676861591147 150.45661666709637
0.29416597735768063 148.19014764302483
0.29701246609286597 145.9422753258009
0.2998864987955499 143.71320062621163
0.3027883419941526 141.50311575161325
0.3057182647961491 139.31220417427596
0.3086765389130247 137.14064060975275
0.3116634386854738 134.9885910051516
0.31467924110884055 132.85621253717432
0.31772422585880655 130.74365361975998
0.3207986753173274 128.65105392115234
0.3239028745988197 126.57854439019444
0.32703711157660126 124.52624729163152
0.33020167690958824 122.49427625018802
0.33339686406924945 120.48273630316946
0.33662296936682207 118.49172396132242
0.3398802919807905 116.52132727767327
0.34316913398463145 114.57162592405304
0.34648980037482663 112.64269127500381
0.34984259909914794 110.73458649875077
0.35322784108521504 108.84736665491592
0.3566458402693299 106.98107879863973
0.3600969136255902 105.13576209077044
0.3635813811952846 103.31144791377483
0.36709956611657185 101.50815999301946
0.3706517946544482 99.72591452306769
0.37423839623100397 97.96472029863587
0.37785970345597275 96.22457884985084
0.381516052157577 94.5054845814501
0.3852077814136713 92.807424915569
0.38893523358318777 91.13038043775883
0.3926987543378843 89.47432504588663
0.39649869269440247 87.83922610156745
0.4003354010466332 86.2250445837898
0.40420923519839697 84.63173524439792
0.40812055439643974 83.05924676510362
0.41206972136374875 81.50752191570699
0.4160571023331892 79.97649771321686
0.420083067081469 78.46610558156745
0.42414798896342937 76.97627151164305
0.4282522449466694 75.5069162213286
0.4323962156465043 74.05795531531969
0.43658028536126287 72.62929944443492
0.4408048421079249 71.2208544641878
0.44507027765810653 69.83252159238666
0.4493769875743902 68.46419756554658
0.4537253712470088 67.11577479390905
0.45811583193088323 65.7871415148792
0.4625487767830196 64.47818194470504
0.4670246169002664 63.18877642823731
0.4715437673574399 61.91880158662
0.47610664724581586 60.66813046278023
0.48071367971199475 59.43663266459537
0.4853652919971432 58.22417450563202
0.4900619154766149 57.03061914336361
0.494803985699955 55.85582671478741
0.49959194243129096 54.69965446937426
0.504426229690116 53.561956899296426
0.5093072957924649 52.44258586689293
0.5142355933924903 51.341390729341306
0.5192115795244393 50.258218460517746
0.5242357156450388 49.19291377003697
0.5293084676762875 48.14531921947501
0.5344303060486659 47.115275335785824
0.5396017057447615 46.102620721933526
0.5448231463433174 45.10719216476929
0.5500951120637066 44.128824740190254
0.5554180918108377 43.16735191562485
0.5607925792204926 42.22260564989558
0.566219072705107 41.294416490515566
0.5716980754999897 40.382613668481575
0.5772300957099924 39.48702519062929
0.5828156463566282 38.60747792962159
0.5884552454256491 37.74379771164291
0.5941494159150804 36.89580940187649
0.5998986858837241 36.06333698784144
0.6057035885001277 35.246203660670034
0.611564662092029 34.444231894404744
0.6174824501962791 33.65724352339496
0.623457501609248 32.88505981787411
0.629490370437718 32.127501557795114
0.63558161615027 31.384389105002562
0.6417318036291667 30.65554247381661
0.6479415032227384 29.94078140010272
0.6542112907982743 29.239925408897594
0.6605417477954276 28.552793880659284
0.6669334612801356 27.87920611620581
0.673387023999062 27.218981400403493
0.6799030344345676 26.57193906466135
0.6864820968602101 25.937898548285396
0.6931248213967836 25.316679458740822
0.6998318240688987 24.70810163086678
0.7066037268621107 24.111985185083647
0.7134411577805998 23.528150584628193
0.7203447509054117 22.9564186918471
0.7273151464532591 22.39661082357578
0.7343529908358934 21.848548805623707
0.7414589367200511 21.312055026383845
0.7486336430879802 20.786952489579097
0.7558777752985506 20.273064866154648
0.7631920051489596 19.77021654532064
0.7705770109370306 19.2782326847463
0.7780334775241166 18.79693925990241
0.7855620963986122 18.326163112545725
0.7931635657400796 17.865731998335768
0.8008385904839965 17.41547463357112
0.8085878823871272 16.975220741030093
0.8164121600935316 16.544801094897284
0.8243121492012077 16.12404756475644
0.8322885823293822 15.712793158627052
0.840342199186451 15.310872065021076
0.8484737466385779 14.918119693994587
0.8566839787789541 14.534372717168226
0.864973656997734 14.15946910668901
0.8733435500526414 13.793248173106441
0.8817944341402628 13.435550602134601
0.8903270929680287 13.086218490272735
0.8989423178268927 12.745095379256481
0.9076409076647118 12.41202628931294
0.9164236691603405 12.086857751192987
0.9252914167984377 11.769437836955795
0.9342449729450002 11.459616189481203
0.9432851679236262 11.15724405068714
0.9524128400925166 10.862174288430998
0.9616288359222207 10.574261422075345
0.9709340100741374 10.293361646700246
0.9803292254797716 10.019332855946725
0.9898153534207611 9.752034663477652
0.9993932736096749 9.491328423044834
1.0090638742715967 9.237077247153126
1.0188280522264936 8.98914602431508
1.0286867129723871 8.747401434891623
1.038640770769324 8.511711965517154
1.0486911487241621 8.281947922109556
1.0588387788761777 8.05798144146826
1.0690846022834974 7.839686501466005
1.0794295691103717 7.626938929842159
1.089874638715286 7.419616411608209
1.1004207797399332 7.217598495077938
1.111068970199039 7.020766596537655
1.121820197571061 6.829004003573555
1.1326754588897645 6.642195877075807
1.1436357608366838 6.460229251940852
1.1547021198344767 6.282993036495512
1.1658755621411883 6.110378010668138
1.1771571239454197 5.942276822934227
1.1885478514624213 5.778583986065167
1.200048801031116 5.619195871710553
1.2116610392120613 5.464010703845952
1.2233856428863552 5.312928551119256
1.235223699355507 5.165851318129888
1.247176306442268 5.022682735676385
1.2592445725924402 4.8833283500086715
1.2714296169776693 4.747695511122197
1.2837325695992352 4.615693360131849
1.2961545713928404 4.48723281576416
1.308696774334422 4.362226560006625
1.3213603415469783 4.240589022953616
1.3341464474084348 4.122236366888269
1.3470562776605515 4.0070864696400825
1.3600910295188848 3.89505890725793
1.3732519117838142 3.7860749360380583
1.38654014495264 3.680057473946589
1.3999569613327716 3.5769310814756103
1.4135036051560057 3.4766219419718007
1.4271813326939125 3.3790578414759134
1.4409914123743386 3.284168148111037
1.4549351248990376 3.191883791056943
1.4690137633624345 3.1021372391472086
1.4832286333715485 3.0148624791249805
1.497581053167067 2.92999499359269
1.5120723537455967 2.84747173868999
1.526703878983094 2.767231121533468
1.5414769857594952 2.6892129774506954
1.5563930440845428 2.613358547040345
1.5714534372248437 2.539610453088932
1.5866595618321426 2.4679126773740183
1.6020128280728465 2.3982105373824147
1.6175146597587966 2.3304506629710673
1.6331664944793103 2.2645809729971655
1.6489697837344948 2.200550651942999
1.6649259930698592 2.138310126559936
1.6810366022122216 2.077811042554941
1.6973031052069345 2.019006241341862
1.7137270105564377 1.9618497368787124
1.7303098413601523 1.9062966926110767
1.7470531354557284 1.85230339854074
1.7639584455616564 1.7998272484375775
1.781027339421265 1.7488267172116947
1.7982613999481065 1.6992613384618542
1.815662225372751 1.6510916822151607
1.8332314293910013 1.6042793328720397
1.850970641313543 1.5587868673695797
1.8688815062170372 1.5145778335753912
1.886965685096686 1.4716167289231763
1.905224855020263 1.42986897930041
1.9236607092836409 1.3893009181975862
1.9422749575678215 1.349879766127701
1.9610693260974876 1.3115736103238456
1.9800455578010832 1.2743513847219803
1.9992054124724528 1.2381828502352183
2.0185506669340354 1.2030385753252744
2.038083115201641 1.1688899168759708
2.0578045686508237 1.1357090013730902
2.077716856184863 1.1034687063942046
2.0978218244043654 1.0721426424115277
2.118121337778518 1.041705134910211
2.138617278817992 1.0121312068240358
2.1593115482495184 0.9833965612898559
2.180206065192157 0.9554775647217015
2.2013027673352683 0.9283512302049575
2.2226036111182106 0.9019952012106053
2.244110571911768 0.8763877356291079
2.265825644201349 0.8515076901230838
2.28775084177194 0.827334504797619
2.309888197894863 0.8038481881866484
2.3322397655163307 0.7810293025535743
2.354807617447833 0.7588589495039516
2.377593846558359 0.7373187559078217
2.4006005659684875 0.7163908601289899
2.423829909246348 0.6960578985583352
2.447284030605481 0.676302992447998
2.470965105104614 0.6571097350430996
2.494875328849369 0.6384621790074725
2.5190169191959186 0.6203448241397056
2.543392114956622 0.6027426053756516
2.568003176607646 0.5856408810734312
2.5928523864985853 0.5690254215768407
2.617942049064124 0.5528823980529398
2.643274491037754 0.5371983715995308
2.6688520616675238 0.5219602826181815
2.6946771329339265 0.5071554404482902
2.7207520997698467 0.4927715132577533
2.747079380282679 0.47879651818563357
2.773661415978558 0.46521881173228785
2.800500671988783 0.4520270803923084
2.827599637298434 0.43921033152566125
2.8549608249771747 0.42675788446239366
2.882586772412327 0.4146593618362321
2.9104800415441594 0.40290468114247413
2.9386432191034846 0.3914840465155116
2.96707891685155 0.3803879407213892
2.995789771822226 0.3696071173608226
3.0247784465665766 0.35913259327809016
3.0540476293997556 0.34895564117130623
3.083600034650333 0.33906778239955615
3.1134384029119935 0.3294607799824807
3.1435655012976986 0.3201266317878853
3.1739841236963096 0.3110575639030341
3.2046970910316612 0.3022460241853443
3.23570725152419 0.29368467598821196
3.2670174809550483 0.2853663920578143
3.298630682932802 0.27728424859674383
3.330549789162713 0.26943151949041755
3.3627777597185933 0.26180167069227395
3.395317583317338 0.2543883547638025
3.4281722775960635 0.24718540556556326
3.4613448893919787 0.24018683309537298
3.4948384950249176 0.23338681846994822
3.5286562005826343 0.2267797090463267
3.562801142208864 0.22036001367947894
3.597276486394134 0.21412239811259634
3.6320854302694423 0.20806168049658388
3.6672312019027173 0.20217282703539657
3.702717060598212 0.19645094775388533
3.7385462971987335 0.19089129238493033
3.774722234390835 0.18548924637267264
3.8112482270129626 0.1802403269887474
3.8481276623665486 0.17514017955848898
3.885363960530164 0.17018457379412943
3.9229605746766643 0.16536940023210614
3.9609209913934316 0.16069066677163665
3.999248731005726 0.15614449531179947
4.037947347903117 0.1517271184844279
4.077020430869141 0.14743487648016937
4.116471603414082 0.14326421396515565
4.1563045241110315 0.13921167708576182
4.196522886935149 0.13527391055902185
4.237130421606242 0.13144765484630624
4.278130893934653 0.12772974340794296
4.319528106170472 0.12411710003651803
4.3613258973561635 0.12060673626664206
4.40352814368257 0.11719574885904134
4.446138758848384 0.11388131735687182
4.489161694423102 0.11066070171221905
4.532600940213457 0.10753123998080225
4.5764605246334495 0.10449034608294033
4.620744515077896 0.10153550762890934
4.665457018299662 0.09866428380684797
4.710602180790478 0.09587430333144088
4.756184189165482 0.09316326245163671
4.802207270551489 0.09052892301571765
4.8486756929789685 0.0879691105920832
4.895593765777886 0.08548171264414475
4.942965839977295 0.08306467675778813
4.990796308708878 0.08071600891988664
5.039089607614317 0.07843377184640585
5.087850215256656 0.0762160833586671
5.137082653535639 0.07406111480638686
5.186791488107031 0.07196708953614561
5.236981328806047 0.06993228140397227
5.287656830074835 0.06795501333077651
5.338822691394113 0.06603365589938846
5.390483657719011 0.06416662599200496
5.442644519919062 0.06235238546687726
5.495310115222529 0.060589439873101045
5.548485327664961 0.058876337202412
5.602175088542157 0.0572116666769112
5.656384376867442 0.05559405757168545
5.711118219833427 0.0540221780713081
5.766381693278222 0.052494734159241406
5.822179922156121 0.051010468539188746
5.8785180810129125 0.049568159587467193
5.935401394465711 0.0481666203355071
5.9928351376875115 0.04680469748160045
6.050824636896353 0.04548127043105529
6.109375269849273 0.04419525036392953
6.16849246634104 0.04294557932954647
6.228181708707654 0.041731229367017356
6.288448532334807 0.04055120165101395
6.349298526171178 0.03940452566206379
6.410737333246745 0.03829025838065432
6.472770651196128 0.03720748350445764
6.535404232786919 0.03615531068800739
6.59864388645323 0.03513287480417485
6.662495476834293 0.03413933522681638
6.726964925318383 0.03317387513397621
6.792058210591901 0.0322357008310528
6.857781369193836 0.03132404109334851
6.924140496075595 0.030438146527443227
6.9911417451661855 0.029577288950848185
7.058791329942958 0.028740760789409393
7.127095524007782 0.027927874491950274
7.196060661668857 0.027137961961653183
7.265693138528156 0.026370374003697277
7.335999412074486 0.025624479788683964
7.406986002282391 0.02489966633139227
7.478659492216731 0.02419533798442425
7.5510265286432405 0.02351091594630818
7.624093822644868 0.02284583778364525
7.697868150244168 0.022199556966892724
7.7723563530317055 0.021571542419391677
7.847565338800474 0.02096127807925808
7.923502082186562 0.02036826247376542
8.00017362531589 0.01979200830586109
8.077587078457347 0.019232042052465446
8.15574962068211 0.018687903574216454
8.23466850052944 0.018159145736329353
8.314351036678897 0.017645334040252435
8.394804618629012 0.017146046265809147
8.476036707382617 0.016660872123524198
8.558054836138709 0.01618941291684258
8.64086661099106 0.015731281213956585
8.724479711633624 0.015286100528965304
8.808901892072665 0.01485350501209974
8.894140981345897 0.014433139148752374
8.980204884248463 0.014024657467060098
9.06710158206607 0.013627724253794353
9.154839133315077 0.013242013278321682
9.24342567448985 0.012867207524402744
9.332869420817344 0.0125029989296058
9.423178667018883 0.012149088132117349
9.514361788079464 0.011805184224737347
9.606427240024352 0.011471004515854812
9.699383560703339 0.011146274297203187
9.79323937058245 0.010830726618202884
9.888003373543404 0.010524102066702078
9.983684357690814 0.01022614855593339
10.080291196167098 0.009936621117509443
10.177832847975424 0.0096552817002842
10.276318358810475 0.009381898974913774
10.375756861897333 0.009116248143953449
10.476157578838514 0.008858110757333395
10.577529820469062 0.008607274533060205
10.679882987720093 0.008363533182994671
10.783226572490527 0.008126686243562066
10.887570158527417 0.007896538911253768
10.992923422314641 0.007672901882784668
11.099296133970295 0.007455591199773211
11.206698158152781 0.007244428097815827
11.315139454975544 0.007039238859830927
11.424630080930829 0.0068398546735506174
11.53518018982221 0.006646111493042913
11.64680003370625 0.00645784990414941
11.759499963843282 0.00627491499372743
11.873290431657274 0.006097156222588834
11.988181989705144 0.005924427302030051
12.104185292655279 0.00575658607385202
12.221311098275715 0.005593494393770447
12.339570268431686 0.005435018018120731
12.458973770092955 0.005281026493763731
12.5795326763509 0.005131393051101755
12.701258167445296 0.004985994500116813
12.824161531801249 0.004844711129345053
12.948254167075932 0.00470742660770467
13.073547581215681 0.004574027889095997
13.20005339352311 0.004444405119695686
13.32778333573468 0.004318451547868361
13.456749253108711 0.004196063436621758
13.586963105523774 0.00407713997853351
13.71843696858792 0.003961583213079276
13.851183034758437 0.0038492979462946696
13.985213614472583 0.0037401916727046363
14.12054113728925 0.0036341744994562893
14.257178153041552 0.0035311590725929424
14.395137333000765 0.0034310605054085983
14.534431471051295 0.0033337963088243337
14.67507348487728 0.0032392863237291148
14.817076417160406 0.003147452655229862
14.960453436789505 0.003058219608756503
15.105217840081831 0.0029715136279697576
15.251383052016013 0.0028872632344207638
15.39896262747717 0.002805398968912857
15.547970252513814 0.0027258533345176916
15.698419745607188 0.002648560741198702
15.850325058952622 0.0025734574519967806
16.00370027975347 0.002500481530733847
16.158559631527567 0.0024295727911915373
16.31491747542613 0.0023606727477234676
16.472788311565736 0.0022937245672603715
16.632186780372866 0.0022286730226690633
16.793127663941675 0.0021654644474268184
16.955625887404885 0.0021040466915741222
17.11969652031777 0.002044369078909787
17.285354778055805 0.0019863823653932114
17.45261602322553 0.0019300386987199359
17.6214957670894 0.0018752915790371783
17.792009671004088 0.0018220958207674012
17.96417354787296 0.0017704075155084858
18.138003363612537 0.0017201839959802264
18.313515238633002 0.0016713838009876786
18.49072544933331 0.0016239666413725433
18.66965042961047 0.0015778933669249025
18.850306772383632 0.0015331259342280708
19.032711231132915 0.0014896273754103294
19.216880721452927 0.001447361767777999
19.402832322621638 0.0014062942043048907
19.590583279184077 0.0013663907649541392
19.78015100255171 0.0013276184888087984
19.971553072616974 0.0012899453469885434
20.16480723938363 0.0012533402163302022
20.35993142461291 0.0012177728538106368
20.55694372348538 0.001183213871691077
20.75586240627919 0.0011496347133624803
20.95670592006423 0.0011170076298722739
21.15949289041303 0.0010853056571131518
21.364242123127877 0.001054502593655377
21.57097260598487 0.0010245729792043683
21.779703510494848 0.000995492073665979
21.99045419368115 0.0009672358368023663
22.20324419987488 0.0009397809084617379
22.418093262527254 0.0009131045893658824
22.635021306039654 0.0008871848224396943
22.854048447611447 0.0008620001746674432
23.07519499910541 0.0008375298194609732
23.29848146893158 0.0008137535195253285
23.523928563948953 0.0007906516102078772
23.751557191385942 0.0007682049833172157
23.981388460779097 0.0007463950713986931
24.2134436859308 0.0007252038324536255
24.447744386885912 0.000704613735089719
24.6843122919273 0.0006846077440905668
24.92316933959103 0.000665169306392359
25.164337680700708 0.0006462823374563863
25.407839680421844 0.0006279312080261203
25.653697920335773 0.0006101007312580919
25.90193520053385 0.0005927761502159815
26.152574541731948 0.0005759431257177003
26.405639187405146 0.0005595877245255344
26.661152605943446 0.0005436964078696329
26.919138492827987 0.0005282560202954966
27.179620772828557 0.0005132537788262916
27.442623602222383 0.0004986772624311274
27.708171371034112 0.00048451440179069177
27.976288705297883 0.00047075346935181915
28.24700046934084 0.0004573830696628916
28.52033176808921 0.00044439212998211095
28.796307949396226 0.0004317698911509911
29.07495460639291 0.00041950589872555424
29.35629757986158 0.0004075899943579857
29.640362960632025 0.00039601230742168994
29.92717709200134 0.0003847632468728574
30.216766572176684 0.0003738334933419083
30.509158256742023 0.00036321399144829893
30.804379261148704 0.00035289594233240627
31.10245696322985 0.0003428707963983776
31.403419005739536 0.0003331302462619673
31.70729329891603 0.0003236662198976146
32.014108023070364 0.0003144708739791061
32.32389163119945 0.00030553658740839723
32.636672851624816 0.0002968559550272577
32.952480690656884 0.0002884217815065941
33.27134443528467 0.00028022707540844823
33.59329365589205 0.0002722650434157736
33.91835820899975 0.0002645290847252864
34.24656824003441 0.00025701278559876273
34.57795418612391 0.0002497099140683359
34.912546778920166 0.00024261441479142787
35.25037704744914 0.00023572040405110266
35.59147632098814 0.00022902216489774385
35.935876231971484 0.00022251414242804922
36.28360871892374 0.00021619093919749013
36.63470602942169 0.00021004731076245021
36.98920072308501 0.00020407816134839098
37.34712567459544 0.00019827853964049332
37.7085140767458 0.0001926436346933011
38.0733994435179 0.00018716877195602827
38.44181561319076 0.0001818494094102449
38.81379675147846 0.00017668113381678565
39.18937735469864 0.00017165965706878597
39.56859225297169 0.0001667808126478531
39.951476613450495 0.00016204055218046597
40.3380659435821 0.00015743494209176042
40.728396094400196 0.0001529601603539661
41.12250326385 0.000148612493326808
41.52042400014524 0.00014438833268728252
41.92219520515724 0.00014028417244628684
42.32785413783738 0.00013629660604963834
42.737438417672074 0.00013242232356111338
43.15098602817181 0.00012865810892517582
43.56853532039328 0.00012500083730715658
43.990125016496116 0.00012144747250868648
44.41579421333394 0.00011799506445626035
44.845582386079805 0.00011464074676087018
45.27952939188732 0.0001113817343466901
45.71767547358656 0.00010821532114687322
46.16006126341635 0.00010513887786455322
46.606727786792106 0.0001021498497972185
47.057716466110506 9.924575472265938e-05
47.51306912459101 9.642418084475255e-05
47.9728279901541 9.368278479739383e-05
48.437035699337706 9.101928970492893e-05
48.90573530125087 8.843148329749331e-05
49.378970261566124 8.591721607970321e-05
49.85678446655048 8.347439955119151e-05
50.33922222713499 8.110100447752569e-05
50.826328283024345 7.879505921007804e-05
51.31814780684555 7.65546480534703e-05
51.814726408337435 7.437790967924165e-05
52.31611013858002 7.226303558443934e-05
52.822345494265306 7.020826859385614e-05
53.333479422009376 6.821190140468332e-05
53.849559322705666 6.627227517238121e-05
54.370633055921274 6.438777813659654e-05
54.896748944334796 6.255684428600088e-05
55.42795577821808 6.0777952060942355e-05
55.964302819960494 5.904962309284768e-05
56.50583980863751 5.737042097933002e-05
57.05261696462354 5.573895009399453e-05
57.60468499424877 5.4153854429962216e-05
58.162095094502014 5.261381647615328e-05
58.724898957778095 5.111755612540896e-05
59.29314877667184 4.9663829613546286e-05
59.86689724881842 4.8251428488472835e-05
60.44619758177993 4.687917860851197e-05
61.03110349798016 4.554593916910864e-05
61.621669239686206 4.425060175711679e-05
62.21794957403913 4.2992089431884e-05
62.81999979813252 4.176935583237839e-05
63.4278757441407 4.058138430961818e-05
64.04163378449664 3.9427187083688704e-05
64.66133083711932 3.830580442465224e-05
65.28702437069259 3.721630385667152e-05
65.9187724099942 3.6157779384693136e-05
66.55663354127702 3.512935074304952e-05
67.20066691770232 3.413016266536014e-05
67.85093226482499 3.315938417512979e-05
68.50748988613284 3.221620789645575e-05
69.1704006686384 3.129984938427733e-05
69.8397260885259 3.0409546473611384e-05
70.51552821685192 2.954455864723944e-05
71.1978697253019 2.8704166421321123e-05
71.88681389200224 2.7887670748427716e-05
72.58242460738803 2.709439243750305e-05
73.28476638012869 2.6323671590270248e-05
73.9939043431096 2.5574867053621317e-05
74.70990425947299 2.4847355887534125e-05
75.43283252871603 2.414053284807952e-05
76.16275619284876 2.3453809885089243e-05
76.89974294261151 2.278661565407006e-05
77.6438611237519 2.213839504196128e-05
78.39517974336349 2.1508608706341843e-05
79.15376847628481 2.089673262770782e-05
79.919697671561 2.0302257674448564e-05
80.69303835896795 1.972468918016226e-05
81.47386225559889 1.9163546532961926e-05
82.26224177251572 1.8618362776430617e-05
83.05825002146365 1.8088684221897534e-05
83.86196082165196 1.757407007171242e-05
84.67344870659912 1.707409205320848e-05
85.49278893104511 1.658833406304915e-05
86.3200574779305 1.6116391821665472e-05
87.15533106544231 1.5657872537498243e-05
87.99868715412926 1.521239458076596e-05
88.85020395408448 1.477958716649006e-05
89.70996043219927 1.4359090046513493e-05
90.5780363194855 1.3950553210259258e-05
91.45451211846995 1.3553636593979874e-05
92.33946911066003 1.3168009798257666e-05
93.23298936408105 1.279335181352229e-05
94.13515574088755 1.2429350753357297e-05
95.04605190504715 1.2075703595375945e-05
95.9657623300994 1.1732115929450883e-05
96.89437230699 1.1398301713089384e-05
97.83196795197965 1.10739830337521e-05
98.77863621463102 1.0758889877917366e-05
99.73446488587135 1.045275990670098e-05
100.69954260613468 1.0155338237844446e-05
101.67395887358143 9.866377233892124e-06
102.65780405239838 9.585636296380913e-06
103.65116938117916 9.312881665872368e-06
104.65414698138461 9.047886227661774e-06
105.66682986588673 8.79042932300246e-06
106.68931194759355 8.540296565689801e-06
107.7216880481588 8.297279663852142e-06
108.76405390677546 8.06117624680132e-06
109.81650618905374 7.831789696799398e-06
110.87914249598629 7.608928985601635e-06
111.95206137299856 7.39240851564089e-06
113.03536231908845 7.182047965721074e-06
114.12914579605278 6.977672141092418e-06
115.23351323780409 6.779110827783695e-06
116.34856705977761 6.586198651070853e-06
117.47441066842818 6.398774937964879e-06
118.61114847082077 6.216683583604376e-06
119.75888588431181 6.039772921442674e-06
120.91772934632633 5.867895597121156e-06
122.08778632422768 5.700908445924829e-06
123.26916532528412 5.5386723737180015e-06
124.46197590673181 5.381052241261502e-06
125.66632868593383 5.227916751815645e-06
126.88233535063961 5.079138341935277e-06
128.11010866934149 4.9345930753668116e-06
129.34976250173295 4.794160539958792e-06
130.60141180926797 4.657723747500667e-06
131.8651726658212 4.52516903640674e-06
133.14116226845346 4.396385977164247e-06
134.42949894827893 4.2712672804674885e-06
135.73030218144018 4.149708707961364e-06
137.04369260018672 4.031608985520671e-06
138.3697920040627 3.916869718992781e-06
139.70872337120247 3.8053953123340185e-06
141.06061086973426 3.697092888071785e-06
142.42557986929623 3.591872210026199e-06
143.80375695266173 3.4896456082274036e-06
145.1952699274793 3.390327905965894e-06
146.60024783812412 3.2938363489156107e-06
148.0188209776656 3.200090536270693e-06
149.45112089995084 3.1090123538388295e-06
150.8972804318033 3.020525909035759e-06
152.35743368534216 2.9345574677266613e-06
153.83171607041817 2.8510353928623333e-06
155.3202643071717 2.7698900848589058e-06
156.8232164387121 2.691053923671717e-06
158.34071184391843 2.6144612125153014e-06
159.87289125036602 2.540048123182548e-06
161.41989674737601 2.46775264291786e-06
162.98187179919353 2.3975145227999314e-06
164.55896125829082 2.329275227591518e-06
166.151311378801 2.2629778870143357e-06
167.7590698300817 2.1985672484086915e-06
169.38238571040813 2.1359896307385994e-06
171.02140956080154 2.0751928799039685e-06
172.67629337898845 2.016126325322979e-06
174.34719063349718 1.95874073774835e-06
176.03425627789036 1.902988288282581e-06
177.73764676513372 1.8488225085581116e-06
179.45752006210637 1.7961982520491968e-06
181.19403566424867 1.7450716564835215e-06
182.94735461035492 1.6954001073221202e-06
184.7176394975061 1.6471422022774506e-06
186.50505449614928 1.6002577168399626e-06
188.30976536532276 1.5547075707845993e-06
190.1319394680267 1.5104537956294115e-06
191.97174578674534 1.467459503019136e-06
193.8293549391164 1.425688854007587e-06
195.70493919375508 1.3851070292131987e-06
197.5986724862284 1.3456801998230252e-06
199.51073043518585 1.3073754994210092e-06
201.44129035864657 1.2701609966171142e-06
203.39053129044152 1.2340056684546337e-06
205.35863399681833 1.198879374573441e-06
207.3457809932035 1.164752832107837e-06
209.35215656112885 1.1315975912980126e-06
211.3779467653218 1.0993860117948968e-06
213.4233394709591 1.0680912396387125e-06
215.4885243610903 1.0376871848920165e-06
217.57369295422674 1.008148499908725e-06
219.67903862210414 9.794505582209474e-07
221.80475660761363 9.51569434026172e-07
223.95104404290862 9.244818822576608e-07
226.11809996768696 8.981653192215147e-07
228.30612534764748 8.725978037843279e-07
230.5153230931289 8.477580190957169e-07
232.7458980779251 8.236252548306045e-07
234.99805715828634 8.001793899364037e-07
237.27200919210088 7.774008758708298e-07
239.56796505826435 7.552707203163345e-07
241.88613767623673 7.337704713576387e-07
244.2267420257862 7.128822021092229e-07
246.58999516692757 6.925884957799328e-07
248.97611626004988 6.728724311623383e-07
251.38532658624155 6.53717568534718e-07
253.8178495678119 6.351079359639644e-07
256.2739107890091 6.170280159980306e-07
258.75373801694076 5.994627327368066e-07
261.2575612226978 5.823974392706855e-07
263.78561260267844 5.658179054763959e-07
266.3381266001233 5.497103061598858e-07
268.91533992685635 5.340612095364425e-07
271.51749158523614 5.188575660384397e-07
274.14482289032264 5.040866974413848e-07
276.7975774922523 4.897362862992675e-07
279.4760013988359 4.7579436568034613e-07
282.1803429983716 4.6224930919488696e-07
284.91085308267964 4.4908982130652846e-07
287.66778487036163 4.363049279192054e-07
290.45139403028026 4.238839672318296e-07
293.2619387052711 4.118165808530659e-07
296.09967953608117 4.0009270516884797e-07
298.9648796855419 3.88702562955419e-07
301.8578048629707 3.7763665523095547e-07
304.7787233488142 3.668857533389389e-07
307.72790601952715 3.5644089125672715e-07
310.70562637269205 3.4629335812290434e-07
313.71216055238494 3.364346909771821e-07
316.7477873747801 3.2685666770683865e-07
319.8127883540094 3.1755130019377873e-07
322.9074477282682 3.0851082765654433e-07
326.03205248617405 2.9972771018171954e-07
329.1868923933835 2.9119462243933586e-07
332.3722600194606 2.829044475770715e-07
335.588450765011 2.7485027128812623e-07
338.83576288907574 2.670253760478586e-07
342.11449753679057 2.594232355143761e-07
345.4249587673156 2.5203750908840995e-07
348.7674535820288 2.4486203662796694e-07
352.14229195299873 2.3789083331332675e-07
355.54978685173006 2.3111808465812917e-07
358.99025427818657 2.2453814166239263e-07
362.4640132900989 2.181455161034179e-07
365.97138603254854 2.1193487596067708e-07
369.5126977678455 2.0590104097084976e-07
373.0882769056907 2.0003897830932593e-07
376.69845503363456 1.9434379839456432e-07